123456789 Jones........ Acct 125 004 5.75 1.75 00759.00
123489999 Chirstoferson Acct 140 000 6.00 2.00 00840.00
222334444 Mason........ Acct 040 000 5.00 1.50 00200.00
234545555 Dough........ Buss 080 000 5.25 1.50 00420.00
256778888 Cook......... Buss 000 000 5.00 1.50 00000.00
288991010 Grey......... C234 160 020 6.00 2.00 01200.00
300405000 Mellon....... C234 240 000 5.00 1.50 01200.00
310416161 Addison...... C234 000 000 5.00 1.50 00000.00
322546767 Wesley....... Acct 500 050 8.00 2.50 05000.00
345678910 Wilson....... Buss 080 003 5.00 1.50 00422.50
355889898 Piccard...... EntC 100 000 5.75 1.75 00575.00
355889899 Worf......... EntC 120 040 5.75 1.75 01092.50
365889899 Data......... EntC 180 100 6.00 2.00 02280.00
365889999 LaForge...... EntC 200 200 7.00 2.50 04900.00
400112222 Crusher...... EntC 123 040 7.00 2.50 01561.00
412312121 Crusher...... EntC 000 000 5.00 1.50 00000.00
456789101 White........ Acct 050 000 5.00 1.50 00250.00
512487651 Carlson...... Buss 000 000 5.00 1.50 00000.00
512489876 Clark........ C235 040 010 5.00 1.50 00275.00
512491234 Lewis........ C235 000 000 5.00 1.50 00000.00
555121234 Kirk......... 2701 500 200 9.00 3.00 09900.00
678910112 Spock........ 2701 234 123 9.00 3.00 05427.00
789110000 Smart........ Acct 040 000 5.75 1.75 00230.00
898940011 Spade........ Buss 090 010 6.00 2.00 00660.00
999223333 Starbuck..... Buss 040 000 5.00 1.50 00200.00
999345555 Mason........ C234 000 000 5.00 1.50 00000.00
999367777 Yarbrough.... C234 040 020 6.00 1.75 00450.00