2299
2250
257
4695
3500
3101
1129
3746
3191
995
3802
3138
158
2744
4247
2025
2462
3788
3120
1753
2604
3495
875
3447
2914
1998
2651
2901
2433
2503
2536
1511
1379
3138
3495
3817
4457
2737
868
1095
3490
1577
357
1493
2333
1201
2176
72
4537
3275
576
4869
2347
177
1572
2168
3497
3529
1497
4511
2229
948
1873
2304
1547
4899
2155
1392
2054
3771
309
4342
983
4843
4376
296
1792
4171
4547
1316
3000
1295
4883
2321
2632
1724
353
207
4262
2875
123
412
3791
4012
272
2065
107
2740
502
53
2123
202
2255
4440
1542
830
628
4058
3725
2123
2063
4068
2715
3679
575
391
2273
1577
1248
357
25
1010
3258
2381
1681
4063
516
1258
2250
4278
3879
262
4234
446
4735
1019
3927
4220
1032
4586
3133
2092
125
4784
1433
2597
503
3190
1591
2503
2987
1856
2953
1321
3405
24
801
4494
621
99
522
2304
407
2548
4457
553
2175
3464
4249
4869
4212
4290
984
1060
1060
1904
2028
390
824
3198
1874
2759
3994
929
872
134
1916
3550
953
2489
2227
788
3121
947
4284
808
2602
1521
1462
4304
1510
4505
944
1177
4213
3643
4660
316
4722
1812
1012
2959
1449
1089
4084
3017
3420
4578
152
1000
1207
1255
4975
1438
64
47
2488
1232
4443
910
3644
1353
1524
2262
2013
551
1798
1642
1573
4661
4860
3487
3314
81
1846
1100
3305
4470
3662
3028
552
3244
2676
1721
2128
2143
2023
4083
307
3382
2796
4001
4466
572
1300
1919
978
3852
3681
3417
3216
3257
2905
2215
3827
3308
3863
3585
329
1394
4246
197
1636
3988
1903
1910
1646
4448
4789
3871
1875
1880
3679
3169
1063
2674
1894
1890
248
4816
3543
1119
1860
873
4979
1666
1422
3680
4269
1431
1293
4107
172
972
1933
4767
4706
335
1186
1881
972
1477
3570
2488
4611
1279
803
2586
17
3535
541
12
3800
1853
2241
4262
3480
691
3283
2837
3568
2479
4259
1611
2095
2114
1050
2716
99
1532
2027
4419
3834
4762
2848
4957
2383
2219
2447
1147
4735
2320
2588
2142
1140
2586
1024
4390
4770
2776
4906
252
4304
3896
4222
2656
257
3326
1371
37
4675
1060
1218
1252
4528
2305
1011
711
4220
364
4450
1719
2998
1114
962
1207
451
3007
4032
907
4254
1050
1796
3227
2220
1107
2563
1908
16
649
1897
65
2690
503
1661
254
1022
2320
3837
1237
2154
4955
4428
3573
4111
2432
785
2808
1428
3827
2321
3211
231
3280
1608
2435
1798
560
900
3782
2389
3603
1635
664
2672
2471
958
1815
1940
2663
3717
321
3649
2415
2461
733
4730
1727
2720
4839
1432
2319
2804
1616
1652
2410
934
845
1788
2494
2776
1374
2976
275
137
298
1885
3361
4172
2241
3257
295
820
650
3208
3497
2790
3671
4399
794
2975
1870
2631
707
2624
3952
2052
3258
3519
2023