2354
3365
4036
555
8
4319
3505
1751
3976
4782
1287
3886
3302
4119
3298
1860
4616
4336
1474
688
59
4527
1751
1623
1788
1158
4448
3076
3473
3601
3016
388
3831
4379
4994
1302
1636
942
3175
715
4391
4521
286
3714
2775
471
4211
488
3322
3750
274
2718
1184
4773
909
4971
2742
4378
3877
155
2255
3834
1862
4880
3808
3386
4255
2536
2
430
2864
559
4894
4120
419
231
820
1971
3960
2710
485
1232
1780
2503
2498
777
4346
4130
3084
4500
4638
1584
1261
4739
373
4802
1366
1337
4920
2602
1123
3463
3635
3516
908
4425
2337
222
1349
3290
4402
2758
1601
2951
1840
2387
4626
1090
4062
2990
3804
2278
1506
3458
4859
3011
4420
1890
649
154
3351
2842
229
4235
1193
666
3993
2788
2174
2398
3114
2614
961
944
2766
4883
2325
4946
2408
1618
5000
1519
3727
1126
2513
4338
1097
2699
2820
1729
1938
3795
2468
3763
4537
3128
3649
327
237
2531
394
4631
691
4853
2540
2053
2908
667
1667
845
4901
4455
3441
2459
4510
2037
2253
4710
4471
2971
725
446
575
4421
2911
26
4408
2880
1524
205
4632
3477
182
2257
1801
3432
2148
788
1019
985
1555
1515
4839
210
3608
2404
639
4203
803
4224
3693
3115
1766
4177
4202
696
4647
993
488
809
2209
243
1162
4721
3514
4237
1146
734
2432
3558
1691
3019
1397
2012
4712
683
1597
186
2204
552
4270
4456
4460
2003
3144
675
4362
20
3132
719
2107
2123
3273
1466
3251
792
3925
298
4879
3193
1217
618
116
4386
464
4321
3454
26
914
1251
2124
515
316
1677
1146
4698
2
467
2126
1296
2615
1884
2271
2688
4156
3208
3851
1026
2672
3256
3369
2895
3199
536
3782
2510
749
657
1451
1975
237
3825
3918
29
2093
4087
2344
2545
2660
2393
1936
4933
600
168
1510
4646
4473
4815
3746
191
2034
1160
1198
4281
3249
192
1313
247
268
1860
3302
921
1814
1676
3404
3767
3778
4046
1399
2544
8
3070
1063
4539
614
2644
1263
4103
3481
15
4321
94
3620
1217
4936
1911
3111
3707
1398
260
828
1235
2823
1377
1910
2418
4765
2367
1107
1379
2565
2351
1644
2961
4611
2994
2746
544
4954
3977
2307
4774
2558
3513
4525
3099
4293
2697
4706
2352
2787
3415
261
1244
3045
2439
4821
909
17
2973
303
69
4316
3670
4040
306
516
4682
4803
330
223
4541
2256
1142
2738
1958
102
2335
1503
4207
4594
1871
2601
1542
1888
1282
3450
1091
554
3620
4008
4771
1383
1028
2107
3860
1077
1657
4546
2187
3922
2092
3390
4490
2039
1711
278
3446
4495
220
245
3592
1206
1857
3025
4050
589
434
2733
1668
4293
4800
4418
4607
2618
2096
2841
403
4043
4647
837
2900
4958
1149
527
4338
4473
2383
2889
2497
639
1674
646
893
383
2445
4609
242
4499
4718