2194
981
659
1101
1114
3518
4835
4115
4108
1125
3535
1728
4842
2549
2226
4262
1255
4004
2305
2628
2756
4625
1921
3356
4370
3565
3905
4967
338
541
2042
3264
4338
4327
3189
662
4209
922
3179
2142
2260
1787
2235
1409
1906
4126
1735
210
1085
1929
2016
650
442
1719
4732
1215
563
4732
4364
1250
882
740
4651
1401
2065
3561
132
4045
720
1205
4131
3092
2807
1340
2743
1473
2716
1022
1766
154
1711
899
617
4858
2701
1159
1690
2009
666
3265
1684
4625
529
2055
4177
3978
809
3348
2922
2376
3224
900
1810
3331
4211
2047
299
2696
4746
4549
3806
4518
3894
2897
349
2795
1788
2761
380
640
4854
133
4991
3666
1120
4389
4189
4107
3352
760
3534
4081
265
2034
2264
4604
594
3045
2920
3150
1435
2044
4576
2406
2975
84
3459
4837
2537
1292
313
3997
3424
407
4495
3711
3228
2511
1254
4652
2598
4740
560
4254
1355
3189
1238
3408
658
3110
237
3739
494
4099
2186
2138
1653
3723
1044
4192
210
849
2929
953
4024
1567
412
1230
1168
3372
565
2157
1573
4408
4297
2521
814
1205
3635
453
996
657
1355
967
2836
97
1678
1251
1047
255
4207
4668
4344
1551
2133
3523
4422
735
1804
2761
2987
3253
2008
151
1187
1294
2191
1336
3393
3947
4055
2901
3319
2046
4761
4170
1413
3214
2788
1495
1324
1296
132
2906
3211
1239
3220
1242
2505
205
3281
3207
1004
4458
169
840
4170
3795
3933
3757
886
2535
1259
4359
3925
4975
3415
3284
145
4348
4946
1071
1077
2029
2083
1144
3819
4848
3414
96
3515
4145
2226
2000
740
4778
3792
3418
1672
4954
288
3439
515
2416
934
419
2532
81
4661
542
3919
953
3978
2396
714
1118
3333
3919
1911
2803
4636
284
3346
4132
2640
4707
4755
797
3547
3523
4430
752
338
1870
1545
3991
4000
888
2909
4878
3620
4310
4665
3741
2636
4333
4067
4101
465
4136
272
1016
3500
2918
2479
1382
2994
1962
1041
2893
4804
3781
1067
1280
3706
2834
1975
1987
2234
1488
2248
4822
419
253
277
4985
3902
497
4552
3383
3911
2529
4350
2494
3017
1629
3745
2286
1144
4996
2397
1927
4859
3263
2025
4032
2793
1251
775
4389
2642
3226
93
1705
4570
2404
2388
2444
1618
3186
2936
1551
4112
436
1633
198
888
1499
3402
2340
4954
105
2057
326
166
2488
3934
1680
1614
4873
1183
2437
1395
2486
3339
2494
594
4858
4134
4904
2623
1143
2876
826
2587
1487
3881
4183
1747
1287
4521
2218
601
1953
3059
999
1879
1194
3011
1002
1961
3748
176
3930
4354
3708
1771
1565
1322
4542
2386
4938
150
2863
3148
3075
3632
4916
518
4458
4921
4505
3061
2765
2572
2501
1108
3421
845
1100
56
1715
634
1292
3466
2156
1009
3940
4758
703
130
3986
2754
3380
2126
2756
416
3104
392
3322