4522
1585
1462
753
3543
2990
1937
87
406
3452
2860
2026
4556
3279
3063
1584
1573
505
2369
2281
3306
1872
1057
4851
2716
1721
2279
3138
3488
245
955
3619
3972
1611
2156
3931
2825
279
2595
2380
1993
1465
4921
3112
3330
1145
3973
249
28
1258
1939
4504
2992
2660
3154
3092
578
1318
597
3589
1992
987
884
497
4739
1269
347
3655
2045
1880
2932
4483
3587
3280
2409
3578
3046
21
2588
1894
3037
806
4538
2155
4437
2780
4501
4603
1627
2888
4458
784
673
4976
4299
4032
1431
2694
1213
4285
4620
2969
1684
77
4037
4472
2861
1239
2910
1012
484
1592
3487
2518
488
2469
1992
3529
3868
202
1608
1320
2391
2866
1058
4659
3654
4511
1377
2718
2449
2533
4142
3731
419
1578
1519
2010
261
4569
1234
4069
1534
4311
4755
4457
3788
1101
722
4513
1158
1671
2824
1197
3837
332
1548
4724
4775
3192
4001
638
4894
4694
3306
429
1841
674
4696
2556
578
3854
4275
1921
208
363
3472
1615
421
1058
2026
887
1339
67
836
1264
3522
1566
182
940
781
601
3678
4909
1910
2721
3288
2639
415
20
1025
1936
1226
39
2393
606
1579
4955
63
3144
589
4933
249
3880
4442
2414
2228
4423
4320
2304
177
2386
3696
3235
1881
379
2768
919
1066
2178
2275
1010
1218
670
3839
4188
3891
4478
784
872
3744
661
3171
1510
3839
4734
3869
2240
2375
3812
1085
1170
2156
918
4536
1325
2801
2128
1492
3709
2094
3013
3086
2074
2546
1740
1496
4716
1178
665
1325
1331
1986
2173
1799
853
1955
3536
3083
4577
2142
1726
659
1371
3616
4472
3221
1609
4423
4397
786
2870
3164
3585
4113
4309
1
3988
4260
2393
1837
2909
1236
1586
2749
385
1017
1450
2326
919
1148
2656
1184
1854
3561
1773
3925
4297
2503
2325
754
1121
338
3065
1781
1180
2219
1387
136
4253
877
3641
3093
4964
219
2325
1091
2696
2889
1372
3391
290
4960
1750
2950
3115
2295
3590
930
4416
2430
4914
1827
4861
1284
1309
1784
1400
4331
4643
2759
3000
4842
2237
4577
1126
1972
4046
4785
666
391
2116
3231
3905
2016
867
1376
3589
276
391
1048
2166
1418
624
930
3944
3976
2507
4958
2620
211
223
4237
3156
563
4309
562
1769
4094
443
402
15
715
4226
1797
4028
4338
2215
4189
3285
1210
863
3638
961
3483
3903
142
4786
2446
3915
4959
1529
2986
237
3659
1809
4432
1104
4960
583
1480
1717
2764
4464
805
3902
1450
4540
623
2274
141
4138
4712
4352
4933
1995
2170
167
2568
1803
1014
141
82
3126
847
4998
1672
3511
2593
1760
4090
1799
164
1804
3255
3588
1286
2464
1957
4328
4095
1795
4009
2244
1846
4248
1340
4772
4925
4639
2335
804
1609
1448
4336
723
2588
2394
2181
4207
1566
2763
1680
2426
2937
1144
980
1660
1460
3047
2727
2824
3579
1963
1593
3931
1196
137
1140
2106
3725
2976
4596
4524
4213
4918
296
409
2064
2977
114
1768
391
722
3332
1087
1495
3913
4371
414
3152
2749
576
1077
729
1003
1948
4152
1723
3417
2788
127
1683
2875
2758
3163
1955
1053
715
4350
963
4338
4190
1531
2324
4597
4819
3646
2598
790
115
748
4635
2176
1959
4606
2803
336
691
3090
2673
3376
1613
2739
4205
2461
1254
1082
2716
4942
1289
3029
2109
38
1385
223
4301
1236
3792
4815
3070
657
389
4950
91
897
2973
3315
2119
1197
1157
4553
1975
1656
351
4924
2301
2441
1076
1800
822
1793
1281
4699
2854
142
1932
2036
2475
2606
841
4851
335
2200
1696
3306
1226
2527
4889
4349
4367
4713
3779
2582
4005
15
4145
2212
346
3414
3703
3533
2051
1934
667
3698
3919
1215
3159
3090
4980
3029
2894
1785
185
2308
1029
2498
1191
4108
852
1467
2530
2355
1173
2608
2892
871
12
675
4475
3555
1639
4194
4162
3044
3528
2137
1086
796
1809
3130
3634
4711
2592
266
709
1604
4171
597
1817
4494
3645
669
192
1028
818
1991
906
3454
2911
231
2498
4241
1182
854
3594
3460
4656
3208
3508
156
2259
4899
2235
1677
3911
4948
2825
2218
163
1444
1922
431
1765
4572
4304
1372
146
3324
609
4885
4139
3042
1750
584
4649
2513
3773
1102
2410
3416
402
2606
3301
2533
3801
4143
3770
3801