41
3464
1333
1495
4166
721
1476
4353
1957
4460
704
3140
3277
1824
4960
491
2995
1940
4827
435
2385
4602
3902
153
292
2380
2418
3713
4715
4892
446
1722
4769
1536
1869
4909
662
1294
2032
4893
3698
3807
1316
327
2670
4664
138
2710
3248
1867
542
2639
2656
2751
33
2857
3722
4740
2524
778
2314
3035
2186
1842
288
100
4039
3941
4261
2644
2441
3801
887
1728
4366
347
3
1095
4389
3548
4626
2621
4080
4951
3753
1838
4966
2375
3929
1303
1941
2433
4622
1321
536
1534
1115
2082
2925
1538
4833
1109
4639
4653
2700
4929
3975
2306
1667
2382
20
3740
1919
4069
1269
828
1772
570
96
1509
3982
3288
4160
3633
2351
4763
3651
571
4031
2050
2345
1150
1938
1720
3964
3430
1101
185
3004
1335
454
2285
2748
381
4943
3908
2203
4757
4217
3585
1421
4942
2501
3028
1410
4163
900
2585
3759
1655
2407
1358
2619
533
1544
1482
2590
4041
3602
4346
289
830
4373
1018
4596
4017
2343
3195
4665
4480
3280
4734
53
1999
1413
2933
1899
3788
3124
467
3728
4891
4644
2479
2804
2421
4308
1616
2809
4513
4307
2615
3932
2448
596
248
1516
1550
2794
297
1223
1006
843
2603
4987
2696
3195
481
3093
4341
517
1587
4309
4502
2447
195
3456
1617
576
4793
4796
278
4586
794
3004
2152
468
3618
3535
2290
1037
4175
3187
4652
2957
1190
4812
2884
4153
1509
1199
2634
4268
51
324
2642
1357
4886
3872
3428
4864
138
3840
1416
1877
1992
320
3648
19
698
3557
3471
2887
4385
74
710
2600
2510
999
1864
2858
4686
3399
4788
252
1420
1
583
4178
283
2083
1420
3612
3753
4831
926
4169
2154
716
2186
